1	int            	1	0	3
25	main           	1	4	4
38	(              	1	8	1
39	)              	1	9	1
42	{              	2	0	1
1	int            	3	4	3
25	i              	3	8	1
27	=              	3	10	1
26	7              	3	12	1
45	;              	3	13	1
1	int            	4	4	3
25	j              	4	8	1
27	=              	4	10	1
26	666            	4	12	3
45	;              	4	15	1
2	char           	5	4	4
25	c              	5	9	1
40	[              	5	10	1
26	3              	5	11	1
41	]              	5	12	1
27	=              	5	14	1
42	{              	5	16	1
26	2              	5	17	1
44	,              	5	18	1
26	1              	5	20	1
44	,              	5	21	1
26	3              	5	23	1
44	,              	5	24	1
26	43             	5	26	2
43	}              	5	28	1
45	;              	5	29	1
5	for            	7	4	3
38	(              	7	8	1
25	i              	7	9	1
27	=              	7	11	1
26	0              	7	13	1
45	;              	7	14	1
25	i              	7	16	1
33	<              	7	18	1
26	20             	7	20	2
45	;              	7	22	1
25	i              	7	24	1
46	++             	7	25	2
39	)              	7	27	1
42	{              	8	4	1
1	int            	9	8	3
25	TEAM_1         	9	12	6
27	=              	9	19	1
26	32116160100    	9	21	11
45	;              	9	32	1
5	for            	10	8	3
38	(              	10	12	1
25	j              	10	13	1
27	=              	10	15	1
25	i              	10	17	1
28	+              	10	19	1
26	1              	10	21	1
45	;              	10	22	1
25	j              	10	24	1
33	<              	10	26	1
26	20             	10	28	2
45	;              	10	30	1
25	j              	10	32	1
47	--             	10	33	2
39	)              	10	35	1
42	{              	11	8	1
3	if             	12	12	2
38	(              	12	15	1
25	j              	12	16	1
36	==             	12	18	2
26	19             	12	21	2
39	)              	12	23	1
42	{              	13	12	1
1	int            	14	16	3
25	fwm            	14	20	3
27	=              	14	24	1
25	j              	14	26	1
45	;              	14	27	1
43	}              	15	12	1
43	}              	16	8	1
3	if             	17	8	2
38	(              	17	11	1
25	j              	17	12	1
32	>              	17	14	1
26	19             	17	16	2
39	)              	17	18	1
42	{              	18	8	1
5	for            	19	12	3
38	(              	19	16	1
25	j              	19	17	1
27	=              	19	19	1
25	i              	19	21	1
28	+              	19	23	1
26	1              	19	25	1
45	;              	19	26	1
25	j              	19	28	1
33	<              	19	30	1
26	20             	19	32	2
45	;              	19	34	1
25	j              	19	36	1
47	--             	19	37	2
39	)              	19	39	1
42	{              	20	12	1
1	int            	21	16	3
25	wh             	21	20	2
27	=              	21	23	1
25	j              	21	25	1
45	;              	21	26	1
1	int            	22	16	3
25	cqz            	22	20	3
27	=              	22	24	1
25	j              	22	26	1
28	+              	22	28	1
26	1              	22	30	1
45	;              	22	31	1
43	}              	23	12	1
43	}              	24	8	1
43	}              	25	4	1
7	return         	26	4	6
26	-1             	26	11	2
45	;              	26	13	1
43	}              	27	0	1
